0.31836763145644986 0.07978026480153777 0.5925491706196949 0.9565956012917107 HD 0.3368104513589444;0.05529748775065957;-1.0;2.3484492457087285
0.08457024818042502 0.44447933792318817 0.9258445995954085 0.5488634100726677 VD 0.06947979855230468;-0.15931834326413052;1.0;1.6246203916315536
0.2927699133622128 0.18666797475517394 0.915039450528271 0.9825267882166059 VT 0.20548948943368017 0.6484210217746654;0.002436949202652583;-1.0;1.066780105441834
0.043148118588136164 0.3790302936050396 0.8558984111884624 0.6396754005314851 VD 0.5276260371920176;-0.06331911540037694;1.0;1.0658991086443461
0.614671917705953 0.01570616850000306 0.8347413499232661 0.3292071685871176 HT 0.5726531486165884 0.8462722327201971;-0.0016061000344074206;-1.0;0.8864985882441297
0.02058309116126611 0.4148249987481252 0.9623449870090947 0.6833536386517581 VD 0.414462960775252;0.030412397391028634;-1.0;1.0122991586282004
0.40927163722542337 0.4744043265081145 0.5436749877954281 0.9404302082146926 HT 0.6056527775244113 0.9405772691540342;-0.010854084426923594;-1.0;0.9884736499696727
0.6402713285519495 0.1306011323230012 0.9857733426317361 0.7895636740240803 VT 0.562222878688268 0.6429543404282456;-0.01662010664809066;-1.0;0.7478525140021526
0.17562475642479747 0.9010042000356961 0.851403700226747 0.9370334698596748 HD 0.018056692888533288;0.06701209802805574;-1.0;0.9728695198278516
0.9538765931197575 0.34808230437763266 0.9683208625620254 0.6099012246455568 HT 0.784637661037546 0.8164161452798894;-0.29622026244893473;1.0;0.8418365641858472
0.16513238660624008 0.23532487758474252 0.44205423900048646 0.834914707808231 HD 0.08881212933306581;0.060821652486814815;-1.0;0.8026964413817563
0.3721458907055465 0.006071845398281872 0.743880428511437 0.1917273245579928 VD 0.5961816569735102;0.005904626515530698;-1.0;0.7212308374124102
0.43757512483782435 0.3863920379944136 0.9835397815881982 0.5226833670821348 VD 0.37859152543686836;-0.0049936852391225806;-1.0;0.7844677352385988
0.01969478148566728 0.3251416682180839 0.8508033895463493 0.9466742040867784 HT 0.42964468232602104 0.8861505455034935;0.010188556128288173;-1.0;0.7595969706531612
0.5088945059842094 0.0036451736859511863 0.5465354930222815 0.7928969152578157 HD 0.09933418533281502;0.07635604692944797;1.0;0.7101251818640111
0.13698946260053602 0.312179244249961 0.8346449011076841 0.8741740601007736 VT 0.0592651998606738 0.5526647724738141;0.0018977755675959607;-1.0;0.6758785407642872
0.25578437490196027 0.47232591148973135 0.8663651295003812 0.6174583199921516 VD 0.6886872299191594;-0.05956306511592624;1.0;0.6512364066206063
0.37081411904061534 0.023062143955841385 0.9452283658853103 0.8286227270162647 HD 0.661301579528751;-0.023819678601841865;1.0;0.6410630836622173
0.556552538156283 0.12192916356168548 0.5682048548877873 0.8200340724266815 HT 0.5248400233587639 0.8445233333561324;-0.09183208502459306;-1.0;0.6988970293022011
0.7615041179072738 0.17614328200083296 0.9834381001608588 0.6561111370315121 VD 0.5696953401904413;-0.11441547534925522;1.0;0.6876241580475689
