1.0253638067146176
-3.4286566503720226
3.6060006170686747
2.897948037570181
4.08974052772025
1.3452646529692216
1.217391720917507
-0.3664242628167467
1.116879922003389
5.512743343345345
2.206623423625796
1.5654066423621724
1.0680373573573623
9.68890452333802
1.502897340795778
4.732212813425023
2.9662771182538212
1.241633036797492
-2.880600187819744
1.157958803379645
1.51503711442384
-0.3234543623619851
-3.9294762002370787
6.130509796466574
0.26675009168698316
4.813568514444771
-13.791096514294049
6.021508550396047
0.9863623128695475
2.8490627569384013
-4.367452976450568
0.4000951879693046
5.577998017555727
1.2113571223150619
0.35933949404763194
0.6196956856405652
-3.525689548868943
5.962917253679044
0.506947034088506
1.841155207866869
-7.150214186516987
3.458237022462293
1.3067794252167655
1.564106148471027
0.8521535692225445
1.632143407381146
-1.4300765869959648
1.181122005623369
0.4402743437045511
-1.170879068002669
0.36025143753097405
2.95979017499638
12.609569263450888
-0.27534018918402037
6.562238203655238
-0.012446522539027326
0.24998359103941192
7.569536895763387
-1.560172636340075
1.5460212970082268
-1.6453592400465906
0.7832123315455569
0.9154750947635218
1.8193898927527279
5.77216329964284
-0.26645040389367725
5.7577881528423465
-1.6227081493240412
7.640444791395466
7.507361733311273
0.6614043939254165
-5.817800698846518
0.5864437723265657
6.559113342062429
2.3506705234826755
-0.1823496824285577
0.6025243930380288
3.1795974498218134
11.319639605560893
3.4012148349543585
-6.678008270996436
4.236229656102206
10.863044066914943
-6.248534902024037
-0.24653925788413777
-15.173792302511725
2.400378163093678
-1.1428784291246146
-2.3843363363333334
0.22229555332752438
0.9131476304368294
0.9318902085352189
6.140424584056545
2.5476239091067336
-5.959431081075362
9.141919908045498
4.1049946469010825
4.921116037963509
0.26847929818661387
5.140557700262715
3.057000678634605
0.5336554329594301
-5.9260287130790426
0.17912050268056162
0.05808677253332493
6.885552548019264
1.1538797604454825
-0.14092086454707517
6.549289712807086
3.2413481824589643
3.392578646445485
-2.0409463665542287
0.9458921557031598
-0.2693518880631278
11.344331805899342
2.2636013581650407
0.6235765221015079
0.8227875551912422
-0.11461120518902045
1.0711693108618339
3.412858829034234
-3.531915987763696
4.316875055862648
5.788012081187482
-1.3803334701713248
0.8895348024189598
0.7453435237952675
-0.14371896541825316
-6.111998379730468
0.8172677993813746
-9.900797247289546
0.8821018113072256
1.0532713811139893
-6.390560189467585
-0.7450013911234474
1.0414854241727736
-0.08553820813053042
0.00358446173362116
0.7057180308399168
0.8507482912587292
0.4656586455949408
-1.7208537076896973
9.316478133089896
0.9255537201285693
-9.98062666101882
0.253353250545666
0.9533012852218229
-5.265320480666362
1.2209928724477634
-2.0421859836772716
-4.642911361594477
4.113948374621043
3.793573991411607
14.181262926359528
1.0234030844559459
0.10627436591126987
-0.28918440945121826
-0.38545792197249673
0.6495744379845305
-0.10216603823226603
0.14758456486880814
-0.4497898541246919
13.315208056989484
-0.47632514806125315
6.509414497682674
0.4378382362741561
-0.05388527441782958
0.4594435791248759
0.15969186369796143
0.3163786241028407
0.06871165486132574
18.47365094049785
0.0239514365800528
0.6494634319114119
0.8644190111696397
0.14021033172852232
0.20264925119554567
-1.3051687680900488
0.22702018714680847
0.10188026245453378
-1.334214646912596
-0.04508784893117179
0.32581505056319127
4.306283640311675
-0.032060669438361444
3.9509366578187706
-5.100882400698337
-0.10178374677523545
0.8628808818898825
-12.224387914239676
7.978852313953757
2.4608160415726226
4.51446282971965
4.476047604571577
15.723134581814334
-2.2891742822396783
0.4232480527792221
-9.301272237262983
9.833872193537262
6.223754060141156
-5.2464807991964255
0.8407123065048229
1.298029351675859
-12.65604516650482
8.493925495669359
-6.943030832726532
9.360106927273772
2.6290459484176156
-4.164251205385885
6.900830430055702
0.1989449317846985
-0.8690925373884766
1.999201107400356
0.3168630308157367
-7.524623844915206
1.2076043301945154
0.07666370899545878
-3.255021432377686
0.34644553433242503
0.15330303466913314
6.599644183276964
3.5388444489434248
5.9735012009169175
5.183457074325529
0.5583129829907272
3.0669105312727214
1.4546588818008863
-2.3213699221677766
-10.69072925707433
0.1615832253610674
0.42863387286707966
5.622408783236494
3.8112468393306838
2.886861768741505
-3.2930364444420133
2.8938287322640663
3.6141747201566603
2.700071381633722
0.5134128515750287
4.354854111194701
-4.59503049026007
-10.925755759152349
11.97232112886723
1.302673979726999
1.498705684498616
10.244269403836137
-11.514769163140276
4.575321200317534
-1.0496709970221216
-6.295461296402455
2.8620389467375165
-9.243299953476091
0.27717541351964736
-10.919871164998408
-2.5707833927350023
1.4011440441835843
8.752108136338489
1.2837244482586578
-0.13302373345709148
6.507720864049385
-5.139679484762249
-1.7167013749910882
-5.127446081719291
-4.7891902886558375
-8.747176455989159
-5.340838134323667
1.263569067215845
1.4274347190460361
5.646469376788699
-7.306449103120536
-0.26110146312298094
-0.09691583564048077
1.1990890377037648
-2.9511160576992794
-10.262325625587497
-3.5325704201703836
2.7845790317152193
-8.43320473526359
-1.1525039759673963
-2.6594268256720452
1.6393782102823498
1.36584534488874
-4.466166198662628
5.943730843104448
7.75740693753777
0.8129695837829097
0.8488871619246524
-10.449222410338297
-3.3548605232123654
3.1034286492633614
-3.6345317824123082
-10.861540771711457
8.317238069046633
-8.084439742947517
-0.4117565802219643
-3.6152839299057495
-0.30433650882794266
-3.99521507575806
4.225084583817238
0.7776227708587801
-0.7022997822972739
-0.7554966654880705
-4.47443052475764
1.805584563380951
-4.286449158720461
-1.7675460881636091
-1.7409775752750796
-6.877973517813741
-0.944990313562443
-1.0270928971951432
-1.5152614691735178
-2.2185195437647076
5.053570287759454
0.2982823978929772
-0.5894554007428738
-2.0992948634430797
-4.831639928655186
1.5645559579579318
-1.2824064376100868
-0.8734728200663768
-4.227724608031429
-5.047824788083995
0.7674504971141374
-4.444145386645283
0.36842287872389606
-2.853089933049308
3.8861674630214353
-0.20018784062371464
0.7296066640546494
1.6915314133655823
-3.235258343851778
1.8581094884329465
-4.153922827828808
-0.35723361722290387
-2.697250855209997
-5.575994147353384
0.6429506434349774
-0.8133661614591208
-0.48988334341238976
-1.576990011914802
5.903088146894571
0.0605150568390294
-0.8887760759492805
-2.0492890352800632
-4.946762170464991
2.9456785821179174
-0.6355170435138694
-0.30005286411397775
-4.757861700824772
-2.1468679898652683
-1.8268928346537723
-1.7559912872515056
-0.49488166255012306
-2.289071252733682
-1.4814611440365641
-0.6545300007248687
-0.2921154339564156
-0.6698136323111823
-1.92088423629649
-4.432200295695283
-2.5360678624112087
-2.6336636713858463
-1.498914993479659
-1.3086225728023935
-1.8198859897563584
-0.8047458691580816
-1.3285679943454083
-0.6146503774285499
-2.6191822026393505
-3.068776188021312
-0.11318719191377642
-1.61566901429596
-2.08934381461862
-2.294351089739308
-6.410883011850301
-6.732252326435698
-7.530123875581015
5.032070776433754
6.965617984293466
6.118735524664821
-2.0516840537003365
0.08687336956402336
-3.796374087956988
4.729017010149631
4.817591799902903
-0.22758436548726663
-7.590303625499634
-6.138334226827132
7.0173087198439825
-0.3742975688550167
0.34974731861676134
3.4688405516235323
-5.390329757825468
0.36922461942759927
4.365744706947839
-9.0577096117645
0.5553465414271048
2.291361961733715
-2.8824761331287165
5.842880040918425
4.449851350403531
5.111252323622126
-0.6119800782721923
3.1353429047008334
0.8482503719525476
0.332215039301452
2.0949482188413904
4.800013962981216
3.91118658496799
-5.036046992469361
-2.3211468407338205
-3.4206826310669904
-0.7926478485874686
-1.4000892968741312
-2.336354006364665
-1.3966419190612869
-1.3353824846635365
-1.3455737570521498
-3.0157989955070437
-2.7692915042293462
-2.6325764348784713
-1.7699250273147031
0.09500566836389798
-0.7105592713958772
-2.917337526608827
-1.8298948942054414
-1.0931963350294636
-2.167072831681292
-2.4500352620935293
-3.776079775531595
-6.579111314514341
-1.671679114227095
-0.2207171830727337
-0.31842605392224044
-1.042891403085523
-4.179828780553904
-1.448136902756769
-4.2525860947776986
-3.2179715152207136
11.098045128802237
4.1157512706164905
-4.490743195061836
-4.843988315030076
2.9568159942717718
-6.9282079861414845
-5.640506322539633
5.284730696665137
-6.832629584453451
1.2106231001959622
6.718411534315873
4.56231745204093
0.14198870324112386
0.38461837030290463
-1.514695371491572
-2.6073246922710838
1.7725322784591042
0.0021039679286489663
-1.7248186282396025
-2.6751460908348665
-9.638052876835856
-5.010485460237454
2.064864663641329
3.0771240972616916
-10.285020615315382
3.4484513209392658
-0.882190748074187
1.434508205855899
-0.849141878736043
0.43487219703375085
4.779990779560216
3.98107528457761
-5.310517516578027
6.917381514502259
-3.9493732730732596
-0.3653833818395751
-2.6064627217773264
-3.6464113355101317
-0.2488389669243035
-4.610113967567872
-1.5895834467010672
-7.925179814421527
-7.05635356874994
-8.452460806768256
2.7143265421947125
2.674548618870452
7.109585107450696
-0.06889380678544417
-0.22937077197129188
-1.1087284045764338
7.70723189479849
1.187222661247505
3.5634993498542564
1.3034622198856018
-6.368908044811925
-8.481874768712863
1.8541007051057903
-4.2600219791372265
-2.289671366775778
-5.798535535197658
10.44774489280581
