-18.468482792755058
1.783945347519856
12.894303096912951
0.9185397478705687
-24.03147232362488
5.487967457354332
2.4371860480642344
0.5381753783204359
-19.096055689207528
-9.049755095022757
1.6961641814245607
0.7524189047002632
31.588278779889276
-19.776032373236593
26.52804582946705
0.9098311790500663
9.87972155924762
1.6478554692165965
-5.965467661084633
39.44540692507683
0.11282757461425137
0.9186726785913842
-2.3649244105804184
21.87807994021212
0.595987126613466
0.9715330188132524
-0.8192971299896615
4.369328612680879
4.76999462099348
0.20206829244913263
10.488863484559277
0.2607266504196066
14.182422335240663
13.180740113574275
1.6856145643626148
0.7980103192316916
3.305653883154774
1.4336002024277616
0.7016184585551575
1.2165480552071877
-13.308342871149733
-6.58405892906265
-3.0672740957356326
-0.20915132757893204
3.5322364248315266
1.5932837526470847
33.87477089942683
13.91091262292806
0.9225331526817376
1.360940671990698
15.431512023270368
19.81779504677894
0.2681432893122505
1.598571730902386
-20.32801496119412
14.475621327402735
-0.9530250870447269
1.1503008549187832
20.320042302667574
0.9266751883093322
69.6350705708561
17.690138526519384
0.6354193543855662
1.4190515476152905
1.6552272289106722
18.441359268031675
1.0978413756339753
1.7155588427354127
12.380083522958948
1.947304771154642
-20.245068587767754
1.5141408134517536
-1.1439403625517919
0.13682360128544419
41.40720706019124
-31.620370886536723
0.43869062577818024
1.8815598659610382
-9.40411532132547
18.567057224768572
0.7642264369607117
0.7787309190054928
8.221784401141173
-26.15260130138785
6.646329687168019
1.6385316332522373
4.902075653349748
1.6026502097353668
-11.810942686345193
4.92930659286351
1.5178073739592368
0.7136223384558855
-31.647949837308428
-2.7645503008960244
1.3450208067080105
1.5697673450389662
33.06723874699824
-13.778717665769529
-0.5351797575515649
1.2331633920813336
-0.499853019094989
1.1238509677268989
3.496285253005008
-6.013368677165234
0.3610715548384449
0.5968728053263552
-15.598461881570467
-8.167642248324386
0.8571057517641784
0.5456486112353885
0.5436947922901986
-24.033001928769504
-1.2069156823786575
1.2743696221716698
-0.8782295988254721
1.9149217049241762
-10.276377938986546
0.6520604754680458
0.8319497216435818
1.5699256012233311
-15.88923490411083
-14.157739356448863
1.135414249045491
0.6080170931411731
32.27602848649326
-8.692451263120594
-19.848483214324276
0.5979034288462809
-17.797129957662833
0.6959534680346751
6.330292876481491
-2.1682463727714736
0.795523364158131
1.6506033304733205
-5.9181324578791275
-4.790764299888579
0.35029075741610427
1.472430939831833
6.80657557418787
-8.796185718065178
-3.423689164230997
0.3958558561974095
-6.6113124556038665
1.741527549340802
18.19071130564146
15.850725808545821
0.8139309578890127
0.8280950827267736
2.6759441017487196
-4.842280483556929
0.9932621375311755
1.6291037156803867
1.0880526274905538
6.439004957841716
1.3926999197835015
0.406968822255124
-0.6549733419410506
0.5226846588131275
13.258571470706647
12.941180632538769
0.5884212457623628
0.7901745075255295
14.495040185498457
-9.281772714037537
0.49258237536177407
1.2251809341422846
5.1837056405131445
19.846473236113454
-2.16220456381657
0.5580922212649612
1.0287584721747836
0.7192037067412907
-1.2274057552148223
11.59148346354588
0.771292002220147
0.7266989081736203
25.396800970956413
3.1010831767948965
0.4669490433483354
0.3877657621136041
2.514245312078841
-8.708259592025572
7.88480973697129
1.2708152021367969
7.178047341044758
0.696382349216812
-5.086549124504686
-25.189648604301873
0.8771436199341524
1.319647924912687
11.248504473163656
-3.4314642059762615
1.207384638675577
0.17013260416182324
5.069807096343093
10.950447870840218
-2.5146145810042753
0.6477935190406582
-14.808977162524029
0.9548081217774431
-26.97037865974363
-5.169452426668869
1.1045753713368816
0.4812917964294366
2.437777976584985
-10.66615681509721
0.7772498240942345
0.6941824895559953
-25.989844942806936
-11.760935015667695
1.1869577134745175
0.5906399074187721
1.1520643475845327
1.5581139818208365
-23.65425178649518
-1.7565462507552956
0.560239428023117
1.4714742537811885
12.83125928120805
-11.53375950716577
0.9239018621157249
1.3183809101463122
9.203938915458899
24.537282083879127
13.969223661052096
0.11161602171077656
-9.883979632900594
1.0808413521962663
-0.344930760023486
-9.214349345671607
1.039485951863438
0.6619711345539802
7.889301179437248
10.894330864918615
1.1234151478318268
0.8665726498306368
-33.52033136567288
3.1470956136723793
-1.6550116195535005
-2.9343450656443086
-1.2047948720866903
-1.1060901888652572
-1.3882535664902376
-1.3918287496851502
-1.2751877147163044
-3.405137652846249
-2.5181484639336085
-0.3953176809535714
0.4223251108911496
-0.33784275215840753
4.119249426456828
-1.5139575018037548
0.964442738867508
-9.117716477666608
-4.394848489668501
1.248016802113362
-6.566546267232036
3.1409712379791985
-0.04540940045483575
-1.377763172627018
-0.5389644899589632
0.1402677365200136
-0.10876845108506257
-0.9707198593188046
-0.41638043551618076
-0.4385602457244868
-2.229144792051177
-1.0953216357426598
3.3848637417975533
8.575324174844877
1.9032030312388035
-3.7331532374521172
-4.496404710243598
5.171530123195218
8.338340455628433
5.855146726033869
-0.8894771554753059
-8.106789295476108
-1.9765411920232225
-3.44990349116487
-3.061913999997165
-0.8901830197602826
-0.7678030859784294
-1.810873071439108
-1.558171816386285
-3.8242020916535013
-3.032638438224446
-0.14608966893240774
-17.03509935816579
-6.965901743920725
-7.9445828292007254
-10.44163653018976
-8.806837555205375
-10.629830935512356
2.240459939282436
0.6164223998684133
1.1794434883939673
18.434087459913663
4.491718619667111
3.217348483675205
2.557705416380739
-9.820404985416863
-9.71275866183535
-9.845855788824116
-5.879150986022631
-8.177574188624266
-6.340021279694717
13.704080273324148
-1.5515165055766604
-3.444418006101052
-1.629081155714836
-0.28530405716588353
-1.1248688886517635
-1.7696486544716583
-0.09855397922295367
-3.400048450861664
-2.7447204030569634
-0.22822394587218614
-1.2400411620359104
-2.1655903844469493
-1.9615875665329028
-0.796620605916622
-1.7882533625536063
-2.387009688717311
-1.8089979980898774
-2.6178284911864056
-3.1257154438871324
-0.652740274347284
-7.635688032231437
1.7159724046316849
-10.057858933785676
-2.2456728259916217
2.9860234525455067
-7.2294433400351314
-4.915869509847816
3.023099759558638
-1.4585811773552426
11.871831823466078
6.398185859710446
-4.288439012047008
-2.7342193777976154
9.125220404780698
-1.176081195104498
-5.658553104528945
1.8184900126526735
4.991949135556249
10.457928921673984
-11.248173159070012
-0.5618270080947447
-0.8010682162802072
-1.6762761166942524
0.34964211096417097
-0.9683920209617942
0.13095522584154892
-0.8726151134482252
-2.9428277230921576
-2.5175172506337478
-1.705363604742932
-0.7961113261417564
-2.0374913434813107
-1.700645089653363
0.31850312852867085
-1.8306434036309642
-1.5733752210062677
-1.5308073863621747
-2.505091557479126
-3.598836242293109
-0.5019654776117051
-10.086460324079841
-9.960939846785664
1.284042960494949
-4.721940921335935
-10.433180579842446
5.6882252549923
-10.185462007762764
-7.364881745987154
2.8176119785182956
12.130042864961649
-2.0264198444866377
7.588997977651452
6.890222468399431
-3.528616464934361
9.841496260303256
12.535647669877308
-2.785834929468551
8.1871235179764
11.986293435916565
-20.677618098486192
